1695527261.4480908 1 4.57206e-23 -9.15105e-15 -2.16574e-21 -4.57206e-23 1 -1.78187e-15 -4.37555e-22 9.15105e-15 1.78187e-15 1 6.12985e-15
1695527265.756254 0.995526 -0.0942433 -0.00676559 0.860169 0.0942592 0.995546 0.00206559 0.152673 0.00654078 -0.00269406 0.999975 0.0053352
1695527266.5577717 0.969608 -0.244586 -0.00624236 2.17078 0.244634 0.969575 0.00887098 0.438567 0.00388272 -0.0101285 0.999941 0.0585837
1695527267.15886 0.92433 -0.381579 -0.00337589 3.5229 0.381585 0.924211 0.0150725 0.927926 -0.00263129 -0.0152201 0.999881 0.0578801
1695527267.7600079 0.895569 -0.444865 -0.00718558 4.87658 0.444907 0.895284 0.0229076 1.55805 -0.00375766 -0.0237122 0.999712 0.0729911
1695527268.3612342 0.870321 -0.492227 -0.0159315 6.17691 0.492465 0.87012 0.0192253 2.27567 0.00439904 -0.0245779 0.999688 0.135792
1695527268.8620577 0.842819 -0.538093 -0.0106015 7.32527 0.538176 0.842797 0.00772643 2.9782 0.00477738 -0.0122175 0.999914 0.106595
1695527269.2628181 0.823474 -0.566806 -0.0249384 8.24703 0.566958 0.823746 -0.001171 3.61972 0.0212067 -0.0131748 0.999688 0.128717
1695527269.7638826 0.798387 -0.601579 -0.0260787 9.43632 0.601658 0.798734 -0.00558881 4.52832 0.024192 -0.0112284 0.999644 0.196332
1695527270.1645794 0.800505 -0.599124 -0.0155402 10.378 0.599162 0.800624 -0.00262868 5.24117 0.0140168 -0.00720681 0.999876 0.245978
1695527270.5653725 0.802995 -0.595914 -0.00924772 11.2945 0.595945 0.803025 0.000816129 5.95557 0.00693981 -0.00616648 0.999957 0.298566
1695527270.9661045 0.815485 -0.578649 -0.0122074 12.1987 0.578776 0.815247 0.0197423 6.69586 -0.0014718 -0.0231649 0.999731 0.325604
1695527271.3668728 0.822219 -0.568553 -0.0265174 13.0769 0.568407 0.822637 -0.0134819 7.36163 0.0294794 -0.00398757 0.999557 0.304275
1695527271.7675908 0.806875 -0.590671 -0.00775771 14.0362 0.587586 0.803874 -0.0923548 7.9379 0.0607876 0.0699605 0.995696 0.35241
1695527272.1683226 0.777566 -0.62879 0.00366771 15.0547 0.627532 0.775614 -0.0680126 8.75373 0.0399209 0.0551859 0.997678 0.477802
1695527272.5691957 0.655628 -0.755078 -0.00295201 15.9472 0.752464 0.653673 -0.0806852 9.67038 0.0628533 0.0506782 0.996735 0.500252
1695527272.7696233 0.517773 -0.855518 0.000727856 16.3326 0.851195 0.515071 -0.100845 10.1882 0.0858995 0.0528342 0.994902 0.55647
1695527273.0701036 0.237395 -0.971356 -0.0105079 16.7229 0.968537 0.23751 -0.0743265 11.1922 0.0746932 0.00746736 0.997179 0.648363
1695527273.2704258 0.0157655 -0.999872 -0.00260528 16.7534 0.998092 0.0158929 -0.0596629 11.8819 0.0596967 -0.00165969 0.998215 0.65194
1695527273.4708033 -0.212245 -0.977011 0.0200432 16.7702 0.970475 -0.213141 -0.11291 12.4783 0.114586 -0.00451307 0.993403 0.749059
1695527273.771369 -0.432504 -0.90163 0.00193008 16.3929 0.896419 -0.430232 -0.106461 13.4151 0.0968189 -0.0443147 0.994315 0.833136
1695527274.0719442 -0.469319 -0.883009 0.00587552 15.9195 0.876966 -0.466864 -0.113881 14.3013 0.103301 -0.0482939 0.993477 0.940485
1695527274.4726684 -0.399014 -0.916727 0.019978 15.2778 0.908496 -0.398194 -0.126791 15.5098 0.124188 -0.0324413 0.991728 1.0867
1695527274.8735137 -0.304388 -0.952143 0.0277931 14.7119 0.944265 -0.305452 -0.122727 16.8372 0.125343 -0.0111126 0.992051 1.23218
1695527275.1741023 -0.291209 -0.956371 0.0234703 14.3418 0.946554 -0.291603 -0.137852 17.8129 0.138681 -0.0179278 0.990175 1.37353
1695527275.4745927 -0.23898 -0.970866 0.0175415 14.015 0.961082 -0.239073 -0.138442 18.8046 0.138602 -0.0162259 0.990215 1.53658
1695527275.8754001 -0.217321 -0.975919 0.0188251 13.638 0.965778 -0.21778 -0.140874 20.1446 0.141582 -0.0124341 0.989848 1.72776
1695527276.2761569 -0.226239 -0.973922 0.017075 13.3156 0.963109 -0.226281 -0.145665 21.4462 0.14573 -0.0165101 0.989187 1.90348
1695527276.7770972 -0.245143 -0.969235 0.0221051 12.8786 0.959074 -0.24578 -0.140605 23.0139 0.141712 -0.0132678 0.989819 2.16911
1695527277.177803 -0.266938 -0.96368 0.00811809 12.474 0.953354 -0.265291 -0.144001 24.1949 0.140924 -0.0306999 0.989544 2.329
1695527277.6787794 -0.297576 -0.954657 0.00882597 12.0052 0.944162 -0.295649 -0.145429 25.6836 0.141445 -0.0349431 0.989329 2.50726
1695527278.0795355 -0.323213 -0.946312 0.0051209 11.5649 0.936806 -0.320722 -0.139756 26.8021 0.133896 -0.0403738 0.990173 2.69556
1695527278.48031 -0.319191 -0.94768 -0.00435963 11.1442 0.937927 -0.315241 -0.144623 27.8897 0.135682 -0.0502514 0.989477 2.85153
1695527278.8809838 -0.315692 -0.948822 -0.00873099 10.7153 0.940124 -0.311526 -0.138272 28.9347 0.128475 -0.0518595 0.990356 3.09205
1695527279.4822063 -0.317903 -0.948106 -0.00564341 10.1436 0.938721 -0.313909 -0.142351 30.493 0.133192 -0.0505514 0.9898 3.2665
1695527279.8829255 -0.317442 -0.948161 -0.0148433 9.75762 0.939044 -0.312134 -0.144112 31.5198 0.132008 -0.0596857 0.98945 3.35433
1695527280.2836204 -0.321081 -0.946821 -0.0208913 9.37327 0.938807 -0.315304 -0.138657 32.5123 0.124696 -0.0641329 0.99012 3.54175
1695527280.7846873 -0.323633 -0.946045 -0.0161416 8.90252 0.937224 -0.31818 -0.142735 33.7396 0.129897 -0.0613219 0.989629 3.67408
1695527281.1854696 -0.326301 -0.94478 -0.0302988 8.52416 0.941492 -0.32197 -0.0996428 34.7972 0.0843853 -0.0610396 0.994562 3.86245
1695527281.5861683 -0.326924 -0.944469 -0.0331665 8.15142 0.941297 -0.3223 -0.100411 35.8228 0.0841453 -0.0640461 0.994393 3.91309
1695527281.9868782 -0.330105 -0.943287 -0.0352047 7.72369 0.939438 -0.324661 -0.109776 36.8434 0.0921206 -0.0693102 0.993333 4.04019
1695527282.3877249 -0.333888 -0.942022 -0.0333753 7.32711 0.937502 -0.328188 -0.115688 37.9419 0.0980273 -0.0699163 0.992725 4.10411
1695527282.8886535 -0.379992 -0.924485 -0.0305554 6.78242 0.919555 -0.373978 -0.120663 39.3324 0.100124 -0.0739485 0.992223 4.25954
1695527283.2893982 -0.400332 -0.915755 -0.0335835 6.24084 0.910332 -0.393226 -0.12911 40.3831 0.105027 -0.082259 0.991061 4.39193
1695527283.6901245 -0.402724 -0.914317 -0.0428721 5.65138 0.911617 -0.396445 -0.10856 41.5325 0.0822617 -0.0828027 0.993165 4.55198
1695527284.0908742 -0.406028 -0.913571 -0.0229906 5.12034 0.908113 -0.40053 -0.122093 42.635 0.102333 -0.0704514 0.992252 4.61155
1695527284.5918031 -0.400247 -0.916266 -0.0160732 4.46457 0.912265 -0.396711 -0.101945 44.138 0.0870322 -0.0554661 0.99466 4.75228
1695527284.9926276 -0.396328 -0.917979 -0.0154629 3.89397 0.914322 -0.393109 -0.097368 45.3541 0.0833031 -0.0527278 0.995128 4.86594
1695527285.3934164 -0.392841 -0.919449 -0.0170056 3.32863 0.915785 -0.389457 -0.0982913 46.6053 0.0837509 -0.0541863 0.995012 4.95176
1695527285.8942747 -0.45676 -0.889588 -0.00190517 2.61575 0.884785 -0.454069 -0.104767 48.2199 0.0923342 -0.0495389 0.994495 5.07902
1695527286.2950339 -0.579378 -0.814953 -0.0131309 1.88047 0.814319 -0.578091 -0.0519216 49.4932 0.0347228 -0.040775 0.998565 5.21365
1695527286.7959871 -0.736875 -0.676022 0.00287945 0.772026 0.67467 -0.735657 -0.0602422 50.6293 0.0428433 -0.0424483 0.99818 5.30204
1695527287.1968162 -0.742102 -0.670255 -0.00659438 -0.152235 0.669696 -0.740998 -0.0492744 51.3556 0.02814 -0.0409828 0.998764 5.3059
1695527287.6977839 -0.738329 -0.674216 -0.0174252 -0.996982 0.674281 -0.737345 -0.0408268 52.0644 0.0146777 -0.041893 0.999014 5.36601
